13 14 10 00 00 00 00 00 00 00 00 00 00 00 00 00
13 14 10 00 00 00 00 00 00 00 00 00 00 00 00 00
13 14 10 00 00 00 00 00 00 00 00 00 00 00 00 00
13 14 10 00 00 00 00 00 00 00 00 00 00 00 00 00
13 14 10 00 00 00 00 00 00 00 00 00 00 00 00 00
13 14 10 00 00 00 00 00 00 00 00 00 00 00 00 00
13 14 10 00 00 00 00 00 00 00 00 00 00 00 00 00
13 14 10 00 00 00 00 00 00 00 00 00 00 00 00 00
13 14 10 00 00 00 00 00 00 00 00 00 00 00 00 00
13 14 10 00 00 00 00 00 00 00 00 00 00 00 00 00
13 14 10 00 00 00 00 00 00 00 00 00 00 00 00 00
13 14 10 00 00 00 00 00 00 00 00 00 00 00 00 00